# oST version 5.0 parameters


[image]

width
320

height
240

[narrow_stereo/left]

camera matrix
427.449809 0.000000 172.469094
0.000000 427.181908 101.992140
0.000000 0.000000 1.000000

distortion
0.158690 -1.286408 0.010939 0.027313 0.000000

rectification
0.998379 -0.006940 -0.056483
0.007299 0.999954 0.006145
0.056438 -0.006547 0.998385

projection
458.383060 0.000000 213.119667 0.000000
0.000000 458.383060 97.182249 0.000000
0.000000 0.000000 1.000000 0.000000

# oST version 5.0 parameters


[image]

width
320

height
240

[narrow_stereo/right]

camera matrix
442.573583 0.000000 191.670664
0.000000 435.885609 91.188031
0.000000 0.000000 1.000000

distortion
0.072442 -0.076235 0.013163 0.046438 0.000000

rectification
0.999486 0.014946 -0.028350
-0.015125 0.999867 -0.006135
0.028254 0.006561 0.999579

projection
458.383060 0.000000 213.119667 -193.630948
0.000000 458.383060 97.182249 0.000000
0.000000 0.000000 1.000000 0.000000

