image_width: 320
image_height: 240
camera_name: narrow_stereo/right
camera_matrix:
  rows: 3
  cols: 3
  data: [442.573583, 0.000000, 191.670664, 0.000000, 435.885609, 91.188031, 0.000000, 0.000000, 1.000000]
distortion_model: plumb_bob
distortion_coefficients:
  rows: 1
  cols: 5
  data: [0.072442, -0.076235, 0.013163, 0.046438, 0.000000]
rectification_matrix:
  rows: 3
  cols: 3
  data: [0.999486, 0.014946, -0.028350, -0.015125, 0.999867, -0.006135, 0.028254, 0.006561, 0.999579]
projection_matrix:
  rows: 3
  cols: 4
  data: [458.383060, 0.000000, 213.119667, -193.630948, 0.000000, 458.383060, 97.182249, 0.000000, 0.000000, 0.000000, 1.000000, 0.000000]
